266
387
389
471
153
284
254
366
248
121
489
381
329
137
152
464
441
401
272
424
444
108
364
387
494
256
330
363
228
269
227
249
143
277
276
333
407
361
462
268
241
407
393
446
245
283
489
450
102
380
273
413
395
247
243
322
347
250
252
255
231
447
299
196
470
110
314
429
214
244
259
382
135
256
472
238
275
135
239
430
442
297
297
274
145
271
395
226
319
258
200
338
445
216
322
435
136
394
336
393
249
323
273
278
270
134
341
207
127
389
236
373
109
300
380
230
196
177
191
412
249
407
494
355
376
492
220
397
341
185
133
127
181
350
375
230
378
149
280
439
252
374
360
153
452
132
231
463
344
129
369
246
171
418
440
492
178
132
107
483
189
199
107
215
494
466
347
145
413
186
307
494
481
107
238
301
354
288
333
385
336
329
148
338
389
202
263
473
142
450
223
470
385
430
427
441
392
326
250
201
269
152
160
156
357
443
435
464
391
485
350
410
235
190
450
415
445
144
333
354
277
200
175
416
234
255
273
410
211
325
491
375
409
306
173
279
375
117
136
362
271
215
425
216
477
419
405
108
196
291
493
216
395
293
280
468
337
252
405
269
327
121
384
471
176
104
254
121
112
108
150
446
389
221
189
321
430
385
379
232
185
441
287
363
296
183
206
367
190
114
201
322
165
467
424
258
226
334
169
401
466
479
391
250
264
449
264
146
257
400
284
168
109
327
494
409
456
379
112
256
279
259
424
354
114
325
242
100
246
149
312
430
383
128
271
454
299
113
260
193
471
489
394
144
197
312
348
478
408
236
291
388
278
341
463
244
329
103
284
486
374
215
192
167
103
246
397
232
415
266
488
302
400
472
261
417
280
172
474
497
427
264
105
128
147
268
496
291
448
175
365
459
324
341
205
358
487
259
353
319
409
449
155
431
341
131
133
153
161
383
309
390
116
120
236
266
130
112
138
428
195
305
343
156
209
420
316
376
450
284
197
160
395
265
477
319
225
294
471
414
494
313
441
371
293
317
218
218
449
123
402
343
497
374
483
232
262
263
438
173
104
476
454
371
154
240
268
458
377
406
356
432
144
106
227
137
170
416
483
136
304
441
139
497
288
409
319
194
257
345
105
320
387
479
196
490
180
381
462
360
367
201
420
396
475
274
327
169
242
131
499
313
171
107
207
447
220
300
426
433
234
235
261
150
397
177
447
440
430
443
300
128
383
286
248
333
108
178
131
316
472
130
212
289
196
180
112
460
477
435
284
356
119
338
326
407
431
147
466
484
364
291
444
125
278
409
303
288
206
224
490
498
171
133
392
462
296
148
371
435
277
417
242
217
247
129
184
381
315
205
136
478
302
365
175
342
342
236
338
207
233
146
138
292
393
316
265
188
353
441
155
121
290
297
385
250
386
500
259
364
243
456
465
433
465
236
302
266
150
232
313
317
236
196
231
235
405
404
460
396
113
242
257
239
341
292
301
296
454
183
490
185
110
450
163
366
122
479
155
454
331
226
211
411
416
429
165
414
286
481
449
282
385
202
130
497
424
217
148
341
147
304
213
259
147
427
348
263
445
226
304
194
422
496
354
423
395
494
311
355
403
281
486
131
331
455
252
110
209
205
216
344
262
209
140
327
454
269
124
129
242
437
147
487
429
139
217
319
194
321
440
226
197
198
452
214
475
324
174
424
258
337
197
168
113
207
437
305
235
153
282
150
219
456
426
300
491
348
151
472
103
109
254
126
274
378
392
193
189
142
274
427
122
361
149
417
256
408
498
424
338
498
282
147
117
279
219
148
232
188
389
141
254
412
414
282
179
324
359
235
497
360
412
375
167
327
364
157
115
459
430
277
284
415
152
334
368
116
456
158
230
472
169
466
289
330
467
138
290
196
352
215
170
360
283
307
269
102
128
362
500
183
229
362
202
259
475
169
232
452
311
237
367
129
148
332
341
194
476
355
200
208
359
220
324
170
270
267
233
204
198
231
228
317
259
125
468
281
480
123
453
209
113
345
297
295
118
363
497
356
349
102
400
133
499
362
316
276
399
222
301
323
156
431
453
150
227
106
233
177
233
325
401
214
349
460
401
471
423
199
376
477
465
451
464
101
460
277
141
333
189
480
158
344
284
422
276
462
267
184
469
337
132
120
122
357
361
250
448
409
272
280
400
111
405
271
135
301
242
339
135
382
210
210
449
280
326
292
483
154
114
316
287
396
492
134
488
454
356
441
355
486
158
124
365
199
179
222
112
377
200
159
362
157
133
464
378
288
352
286
150
202
386
187
190
284
438
423
232
415
310
287
248
175
375
313
116
253
357
449
129
134
381
401
120
106
488
489
228
405
130
441
180
477
360
153
195
180
499
328
314
100
167
338
219
227
429
169
315
444
294
377
347
335
365
279
335
497
107
154
369
362
188
314
116
295
252
281
473
158
496
441
352
489
144
108
188
141
159
344
117
189
461
205
430
404
412
371
456
231
496
465
361
319
180
417
267
251
394
298
481
339
332
251
377
134
338
250
261
141
152
293
142
445
471
498
337
221
293
321
258
160
266
182
170
485
151
145
330
155
114
434
199
341
489
310
280
138
423
418
392
453
256
259
345
488
410
284
405
430
243
249
135
497
106
147
277
444
308
212
111
274
316
362
268
431
210
481
156
403
259
437
141
276
199
157
389
406
267
447
331
434
393
253
297
325
226
492
287
182
481
380
351
266
151
249
214
374
198
302
357
400
195
377
133
464
305
154
118
488
258
420
262
496
312
423
469
420
312
364
438
413
490
488
441
220
208
296
397
381
203
237
430
431
271
321
423
295
309
148
130
309
458
182
374
341
253
139
488
151
382
144
410
200
213
390
250
193
180
382
433
166
314
238
175
191
319
228
146
352
272
154
449
318
125
351
158
255
490
286
200
104
137
168
238
286
150
381
450
251
251
208
136
491
349
396
385
234
172
312
488
292
400
383
494
328
337
373
212
289
358
352
257
390
416
341
121
115
491
132
129
200
170
345
153
415
147
102
495
328
365
300
136
328
157
222
356
102
311
426
113
353
198
444
216
254
349
257
330
161
279
121
121
232
433
173
295
250
362
101
330
329
135
411
446
401
283
120
166
444
238
205
415
421
197
186
332
199
210
225
415
351
279
364
426
456
356
329
373
209
145
252
353
335
333
419
296
254
109
369
374
378
209
223
321
430
123
132
260
186
373
379
122
188
342
444
129
140
261
448
333
354
147
178
411
151
417
425
250
411
174
381
110
450
443
400
279
280
378
471
251
357
361
303
401
183
474
450
231
250
149
207
495
249
401
432
179
457
365
125
416
449
139
474
469
102
418
359
260
338
325
226
447
240
404
348
107
177
396
400
160
481
481
477
278
310
315
144
117
462
273
182
407
175
406
152
271
373
496
223
146
432
341
177
279
471
290
252
423
162
417
179
402
404
252
153
245
454
366
386
106
474
459
488
197
104
230
489
347
272
455
303
213
155
350
252
369
196
319
258
160
416
397
369
418
296
379
313
233
452
288
423
202
161
468
140
289
429
340
204
298
480
113
499
115
469
470
241
120
192
358
334
371
117
410
377
269
485
369
451
386
377
165
471
282
114
174
308
364
498
452
253
174
328
467
186
372
196
146
202
217
480
190
292
259
480
315
272
339
381
304
427
293
356
421
155
190
307
188
401
450
394
482
102
247
493
102
220
351
228
203
167
426
431
375
407
391
372
221
314
356
419
118
108
223
418
308
267
385
264
355
340
174
204
270
112
480
175
143
220
354
222
174
347
286
183
396
137
398
446
249
185
110
495
175
317
456
449
105
216
287
118
360
124
132
199
190
420
500
400
466
368
200
202
150
242
312
160
116
141
398
158
405
323
285
100
347
270
322
235
200
392
331
180
433
302
137
308
267
321
474
191
432
102
314
258
318
246
491
272
134
398
495
101
136
151
172
170
394
325
133
421
288
218
101
194
150
137
388
491
192
148
476
471
118
112
103
350
200
152
472
439
232
426
393
425
409
411
297
208
441
428
420
356
256
312
192
306
143
284
321
416
243
460
361
439
446
434
455
202
400
162
276
398
335
405
306
162
263
392
339
334
358
249
465
443
381
335
147
123
293
350
380
439
294
112
140
466
202
237
306
111
438
390
283
419
361
388
368
255
289
467
356
214
439
236
138
192
414
156
108
280
441
167
266
271
136
451
450
279
379
129
142
240
294
472
134
113
173
430
140
281
184
320
105
108
175
352
232
372
375
305
163
498
390
364
104
160
294
382
323
450
192
142
373
421
452
471
126
155
441
398
224
477
424
480
467
400
344
122
496
455
243
128
193
149
407
230
100
163
135
364
266
383
419
230
219
456
435
282
312
484
382
298
370
262
427
352
164
435
375
379
168
169
149
450
221
123
229
490
299
322
495
483
225
404
416
464
299
115
251
342
495
225
425
289
484
471
421
350
187
264
237
302
217
357
264
319
456
385
165
166
448
141
386
235
466
346
458
118
111
443
332
436
326
499
160
403
142
471
209
123
315
478
417
165
472
311
390
280
241
438
299
356
353
158
218
411
135
240
159
480
423
351
375
200
305
134
392
365
199
191
437
497
137
142
391
184
454
438
454
117
306
289
193
494
343
427
311
274
347
300
207
126
147
122
283
132
475
284
494
313
496
249
352
296
178
442
410
254
318
198
296
317
304
314
294
323
225
283
313
445
142
212
185
331
138
214
408
298
415
334
259
415
470
173
482
480
317
412
175
195
284
166
362
425
471
415
234
367
347
228
316
280
166
124
108
151
267
151
287
334
148
318
258
188
267
329
188
375
309
382
420
102
173
174
494
298
161
484
436
495
353
300
472
158
443
129
444
426
210
334
289
360
329
230
292
323
351
345
140
403
413
309
180
382
240
362
422
267
104
169
211
192
452
149
307
255
242
258
245
266
334
333
153
382
147
238
341
194
410
440
479
118
106
218
184
300
108
332
354
190
349
339
376
131
366
417
141
231
460
164
180
455
280
494
428
196
118
197
423
287
369
443
279
332
115
340
321
226
208
398
466
208
306
236
339
238
400
204
202
211
479
114
458
135
450
435
417
205
188
460
145
310
300
125
322
151
129
147
426
378
107
132
496
405
102
352
118
263
196
257
237
264
353
473
456
407
387
448
214
312
327
392
358
222
431
423
357
106
228
294
353
462
148
220
233
159
424
180
435
449
395
231
440
389
269
493
454
423
466
197
451
137
424
183
108
144
456
357
469
180
405
253
160
221
382
410
108
409
465
486
124
300
395
476
453
190
128
402
254
377
473
326
131
120
287
363
493
382
141
471
144
348
184
456
383
480
404
360
286
397
374
465
434
254
212
302
496
266
413
391
321
207
295
148
177
327
144
210
211
345
444
342
236
400
347
123
414
284
486
191
256
137
202
206
230
247
441
365
173
487
358
101
196
382
300
255
269
156
433
267
422
365
311
217
230
279
353
415
183
149
414
341
122
167
151
460
500
387
313
336
196
373
226
216
240
396
224
414
183
149
102
154
492
415
397
337
414
110
262
457
334
200
422
305
396
206
116
494
154
117
256
274
191
386
482
141
252
168
159
367
437
290
210
479
254
129
470
354
137
333
357
285
104
422
227
297
285
308
140
461
335
291
156
111
225
101
257
200
200
333
431
332
227
420
418
453
358
122
122
465
183
330
466
281
101
196
163
193
486
123
155
257
416
139
116
418
414
495
331
317
253
233
388
407
274
337
390
402
325
207
382
235
432
363
183
310
386
350
416
184
476
254
232
493
101
337
113
482
242
321
195
410
104
417
488
465
157
407
491
382
301
114
217
322
427
403
396
161
243
100
357
326
301
105
127
346
442
175
163
488
378
198
433
471
405
429
477
155
164
270
181
487
108
313
354
302
441
260
498
481
470
496
382
189
471
251
130
332
123
431
177
184
191
389
386
361
288
307
481
209
423
444
116
467
403
128
379
195
241
217
121
213
144
363
242
212
345
484
412
363
283
332
320
468
165
279
328
495
200
177
185
234
148
436
344
237
327
360
352
489
359
162
152
142
312
347
278
347
229
373
470
312
205
230
275
252
417
363
139
228
429
344
123
215
183
142
198
495
458
404
117
268
249
416
258
119
161
260
359
414
361
322
275
275
326
371
199
246
109
324
479
350
131
285
256
118
436
162
302
228
267
270
312
236
163
268
103
413
499
124
113
149
407
326
324
136
141
156
185
431
172
415
451
464
462
152
263
390
224
202
258
330
475
299
272
241
313
206
280
337
133
113
466
158
246
427
179
429
204
323
220
429
113
141
184
479
201
355
322
154
315
378
452
112
294
186
451
102
130
249
121
193
353
200
470
161
469
470
321
497
232
404
244
386
136
243
302
200
287
463
398
317
268
227
347
320
397
498
119
137
446
376
432
110
299
298
246
148
162
360
496
359
110
301
316
346
158
373
294
213
439
195
423
366
271
214
481
240
359
289
382
182
140
261
303
178
451
107
413
428
403
423
157
276
194
356
463
121
122
484
186
472
288
118
187
468
288
136
163
116
213
427
486
321
125
304
441
288
201
257
424
177
250
253
220
407
111
313
251
473
418
304
318
189
208
437
118
471
495
429
475
465
111
204
226
110
196
360
184
471
335
351
203
494
432
481
103
173
472
396
437
385
392
123
411
223
240
290
167
208
220
376
161
281
469
464
463
304
407
174
230
131
407
312
277
341
341
217
482
125
260
471
332
438
170
476
340
364
323
344
397
292
193
411
434
159
219
416
122
280
131
311
254
192
223
224
413
207
323
223
125
302
351
119
460
286
169
314
212
322
222
286
461
220
476
130
263
300
376
155
117
364
433
386
233
127
215
278
349
249
470
156
457
297
304
407
118
234
312
100
130
418
359
423
392
170
107
396
180
227
474
483
145
255
127
200
266
301
324
417
234
143
306
333
189
216
472
149
237
108
149
182
472
370
335
169
287
107
451
341
173
198
331
424
406
352
349
169
101
405
172
477
359
239
185
381
481
145
202
285
339
235
269
475
257
179
366
243
492
177
222
480
480
317
302
447
210
378
421
253
351
396
149
433
193
407
379
401
178
112
142
344
397
116
216
243
425
320
407
163
282
411
244
310
492
148
427
183
286
107
215
193
220
339
183
344
319
188
267
219
364
146
238
213
398
405
107
385
401
428
180
241
253
125
277
427
144
432
488
246
394
189
221
239
125
336
224
396
464
248
428
346
205
448
247
412
401
176
350
212
374
485
109
473
403
221
367
320
222
489
160
151
229
273
115
384
421
172
422
247
441
325
433
230
500
442
329
455
294
310
252
330
467
109
339
337
314
385
281
288
350
143
472
332
440
434
220
491
214
250
202
469
377
478
334
220
122
351
163
125
461
161
343
421
404
348
270
287
245
389
254
241
291
129
149
262
131
300
275
131
294
225
248
496
253
443
255
416
177
450
139
443
131
336
390
325
494
353
188
146
307
293
225
209
147
205
476
273
477
277
302
112
151
148
176
262
336
277
487
428
238
435
272
332
249
369
311
424
290
181
186
401
154
340
380
147
253
168
242
276
429
471
371
107
299
102
317
355
113
314
472
434
299
482
395
192
428
495
392
118
172
477
401
394
368
165
192
245
376
165
406
176
126
115
464
393
300
338
392
248
129
410
300
334
423
410
471
366
411
330
405
416
213
256
133
222
338
487
367
129
210
305
435
397
409
299
444
475
481
314
293
256
319
499
298
210
487
148
192
110
433
441
420
204
353
403
284
325
252
113
475
172
377
375
371
495
420
390
118
221
162
233
159
371
442
437
320
480
430
295
286
263
476
425
124
241
272
451
279
384
378
240
300
101
319
450
176
280
121
156
209
297
377
281
160
412
217
359
341
152
198
380
315
414
436
282
239
433
160
273
297
315
448
452
480
101
302
407
393
239
104
399
214
294
293
367
367
263
364
325
342
390
199
431
185
171
374
292
432
411
395
270
400
161
343
422
442
423
306
338
490
448
295
473
375
159
136
354
338
225
124
473
309
159
239
231
144
135
483
191
133
223
105
458
159
489
483
113
449
289
229
263
120
395
365
311
143
133
212
407
392
254
111
466
318
393
178
291
491
163
343
444
259
308
253
453
388
480
303
480
138
101
179
343
476
499
244
154
348
374
427
220
190
106
433
245
328
238
274
500
170
141
284
422
216
379
398
367
164
126
444
263
365
148
475
390
138
129
327
374
258
295
314
364
213
386
132
481
474
224
429
498
289
451
446
277
228
407
374
187
366
128
237
497
339
211
139
286
233
125
185
196
350
393
350
117
140
483
324
320
252
311
339
134
107
140
332
117
143
498
460
469
493
281
486
305
471
469
304
491
485
211
176
131
378
183
184
209
127
223
223
440
218
449
139
433
350
393
480
486
357
481
451
320
400
375
352
405
105
105
498
254
165
121
350
496
330
225
153
451
183
409
485
194
174
434
356
251
204
498
209
126
424
383
434
295
123
386
341
302
173
419
248
334
358
415
266
436
307
262
110
281
455
266
237
470
259
265
344
247
430
315
291
273
176
218
458
175
211
373
189
398
322
425
380
205
297
196
496
259
476
245
342
198
398
185
215
229
141
203
445
141
156
449
102
213
136
260
303
461
148
472
441
183
164
165
411
173
234
136
234
255
345
270
193
102
459
166
400
368
311
122
226
479
191
115
487
167
438
232
161
358
491
183
141
144
213
113
448
388
384
390
215
422
124
206
392
129
256
365
144
462
268
172
434
490
421
310
316
268
236
185
198
269
285
176
218
158
127
284
385
354
380
210
112
292
198
229
264
391
454
133
420
418
414
332
236
460
113
280
346
430
431
277
233
376
206
175
164
398
252
233
403
147
427
480
458
456
282
252
262
412
343
369
140
222
444
464
174
182
327
492
382
327
475
259
310
131
183
158
426
329
455
372
364
127
157
316
241
191
295
260
188
270
318
353
204
195
237
478
406
333
405
498
133
269
495
254
164
244
324
450
486
212
273
169
107
345
383
199
231
385
125
335
310
231
461
299
425
138
450
179
253
322
189
109
176
176
304
440
403
372
347
311
247
304
354
460
252
464
146
391
379
158
295
394
187
488
410
395
168
187
402
433
253
263
314
266
213
255
125
431
172
103
310
242
322
153
390
249
290
164
279
248
124
395
325
418
396
196
147
348
285
157
472
415
302
236
219
401
229
170
197
358
130
449
238
371
410
408
366
424
384
464
251
448
417
163
405
385
346
219
474
229
348
200
186
169
303
449
245
312
157
328
497
451
321
228
252
144
188
309
299
353
463
326
325
101
212
447
352
298
206
357
387
215
385
350
410
471
114
297
240
131
436
443
153
321
142
159
396
132
295
497
476
200
225
173
212
381
292
362
286
321
125
289
159
436
314
174
440
371
397
334
266
396
265
216
165
344
426
243
166
311
213
306
199
125
431
302
224
228
370
291
189
210
357
213
121
116
280
127
393
466
357
328
196
212
372
115
216
337
401
456
143
463
256
369
224
396
298
192
125
183
299
302
374
442
278
378
332
420
284
196
499
245
401
224
226
332
266
243
389
344
373
333
113
270
450
117
101
389
206
326
489
299
188
278
449
247
312
328
364
196
326
255
491
352
479
416
269
312
404
117
184
316
492
258
104
310
323
179
420
101
486
492
146
158
203
138
384
142
355
236
380
221
234
111
294
137
127
496
265
194
444
142
434
295
427
454
309
345
387
482
343
156
320
205
147
200
484
170
480
164
293
344
312
344
399
460
424
120
226
128
184
267
406
391
121
292
337
466
316
119
122
449
454
305
343
420
207
330
349
248
229
195
225
498
337
329
210
333
467
141
438
408
127
135
336
272
492
271
345
351
437
255
465
106
496
442
135
137
463
247
410
359
486
400
391
188
258
403
195
249
481
421
358
123
131
294
464
310
474
230
107
369
336
443
386
480
411
102
219
323
128
257
379
435
128
155
383
290
184
294
246
263
480
315
363
118
474
193
259
422
189
382
490
365
160
138
384
491
283
477
159
317
243
196
175
270
431
281
481
495
105
382
360
117
429
371
153
159
472
407
397
288
176
237
136
464
162
154
463
366
381
110
359
350
131
447
342
352
323
175
262
451
372
139
269
294
331
488
209
293
191
105
413
231
301
187
142
249
437
357
220
329
494
317
356
152
351
257
148
382
159
241
134
204
275
273
384
362
424
167
127
313
249
222
465
192
373
382
429
463
340
258
232
208
174
280
423
470
151
163
206
305
385
421
149
335
324
175
417
230
265
478
276
119
113
324
394
401
464
113
212
380
428
112
338
330
285
262
459
275
221
104
376
234
301
428
131
191
224
259
126
296
326
102
340
187
108
378
482
155
121
500
178
107
477
107
421
124
232
109
193
483
349
445
175
474
131
478
295
232
156
410
146
497
485
302
366
120
323
225
311
300
487
461
353
167
416
461
500
424
109
261
281
157
369
292
492
446
390
119
370
465
155
126
124
258
211
371
313
125
404
344
127
192
110
409
476
384
154
412
106
263
138
455
296
432
422
315
193
116
140
369
425
177
387
364
152
149
466
391
497
165
271
324
295
386
467
420
472
474
310
118
179
179
213
130
433
117
104
465
433
320
172
336
185
185
329
281
305
428
484
490
140
426
111
232
462
204
371
122
224
330
240
250
239
415
334
142
101
217
121
192
264
385
258
364
459
361
449
481
273
494
269
196
417
280
488
485
414
213
496
278
245
417
165
482
478
413
358
161
228
138
445
370
348
261
123
452
255
479
379
358
298
437
386
302
400
149
142
212
238
401
388
462
450
251
203
488
346
425
229
184
447
407
160
106
363
342
112
394
413
346
402
340
206
290
250
411
313
266
295
134
182
446
381
443
228
192
292
235
432
405
330
138
403
277
226
471
114
190
355
407
116
447
221
234
146
179
117
198
469
337
256
323
212
103
415
468
216
132
222
381
451
209
314
390
344
249
326
308
345
165
430
262
322
277
245
470
222
173
377
372
327
106
319
476
476
470
150
442
170
279
165
364
127
305
454
347
222
278
219
159
446
349
332
119
478
381
165
243
225
231
140
122
432
419
372
282
257
166
384
411
135
451
100
198
181
161
274
373
491
488
398
283
261
368
341
257
147
493
433
159
274
258
337
284
467
382
199
298
242
407
167
344
123
256
145
369
213
355
101
187
198
385
437
370
407
121
183
102
330
171
235
182
347
252
497
187
196
229
282
105
475
181
420
411
280
189
179
225
285
369
299
173
388
171
251
165
271
205
300
166
487
341
380
473
313
157
452
221
117
283
307
192
417
326
446
168
360
412
382
478
211
492
211
387
397
155
248
187
128
439
414
471
